4 0 1298092848946206529211955779616040
4 1 683496640248050713756440676071
5 0 9095379218684502088743241789
5 1 9205948219074287936685289758037
6 0 11971284263768914176431179720622
6 1 266573596119930013833919176645
7 0 15044150708248976451784593468
7 1 534330762492192297990602166370
8 0 386135473475360677201628357188
8 1 42459883501386986922766507327
9 0 4866417737994347551816846903
9 1 37716485750353424806876104310
10 0 19772960374215472827775892486
10 1 5030484777222468978572235564
11 0 841347687722481981930750335
11 1 2928767918985354021900689432
12 0 1266666171463993322695232916
12 1 524785463625387865619045258
