```
5   26797227 21421001 5128970 9234452 692060 4904060 -868991 3430822 -1620202 2642536 -1572003 1611382 -790463 573913 -196263 125941 -28650 17140
17   26545421 20782313 4702871 8733755 262302 4632398 -1223407 3219225 -1751136 2367765 -1499679 1323103 -650254 364146 -98062 32125
39   23422612 23811053 2720392 9481334 342747 3521407 293182 1243280 94220 628296 -211618 367918 -115140 71341
70   28627418 18132350 6560313 4688850 3090858 280132 2014606 -721794 1092862 -413975 251954 -30987
108   25845226 21339334 2692615 7536216 -587180 2879744 -642549 859994 -135519 99765
160   28111431 22222528 3686628 6969749 260698 2311757 -230942 626183 -39197 65219
220   31980620 22310973 3943312 6252289 221019 1801879 -204196 345834
300   37050025 22730221 6023971 4990611 1410047 1047683 133030 195650
400   46891988 25975928 8279226 5707508 1896038 1189721 225195 190389
490   57774207 30017282 10752796 6552311 2404507 1338857 310628 193643
570   67261317 34557385 13515609 7744945 3024441 1590294 428436 214704
630   76105766 38746702 15974003 8801748 3567377 1794423 517893 232715
700   92621845 50731247 23924150 14690765 6918336 4309886 1672440 1096916 239750 209175
750   100973193 55145076 26634158 15924290 7601086 4546032 1797080 1099352 246042 192495
800   114390772 63949520 33959789 20265973 11129205 6354835 3302519 1693517 778655 305292 118236
827   126357200 73807375 40646383 25693312 14417512 9123323 4734690 2955541 1274070 786030 225052 144665
840   140455073 85610577 50361189 33435466 20391097 13705759 8022488 5381807 2815510 1892888 793925 548406 137909 116217
```

```
1000s_1   P   E   J  V_lo V_hi    base
5         1   0   0    3    4      7
17        1   0   0    2    3      7
39        1   0   0    1    1      8
70        1   0   0    1    2     10
108       0   0   0    1    1      7
160       0   0   0    0    1     14
220       0   0   0    0    0     78
300       0   0   0    0    0     69
400       0   0   0    0    0    146
490       0   0   0    0    0    224
570       0   2   0    0    0    233
630       0   3   0    0    0    255
700       1   4   0    0    0    236
750       1   5   0    1    0    222
800       1   5   0    1    0    191
827       1   6   0    1    1    177
840       1   6   0    1    1    176
```
