
# 6
[6] 193 233
[7] 165 272
[8] 167 264
[9] 474 264
[10] 007 153
[11] 001 240
[12] 232 246
[13] 581 346 260
[14] 033 252
[15] 237 037
[16] 740 633 269
[17] 236 256
[18] 740 632 740 604
[19] 740 633 269
[20] 740 633 740 637
[21] 740 637 572 364 264
[22] 207 740 632
[23] 167 274
[24] 233 272
[25] 167 665
[26] 740 632 380 264
[27] 037 241
[28] 740 632 740 606
[29] 741 806 742 025 264
[30] 232 256
[31] 236 264
[32] 741 440 742 024 742 128 684 268
[33] 236 540
[34] 224 264
[35] 007 033
[36] 026 272
[37] 234 256
[38] 231 249
[39] 167 741 824
[40] 023 025
[41] 153 272
[42] 743 429 542 442 268
[43] 228 069
[44] 196 280
[45] 224 264
[46] 192 264
[47] 166 740 633
[48] 215 265
[49] 472 265
[50] 233 280
[51] 239 240
[52] 205 264
[53] 033 741 032
[54] 741 106 265
[55] 033 252
# 56
[56] 034 741 538
[57] 236 037
[58] 741 826 344 281
[59] 742 001 385
[60] 743 233 744 206 745 235 673 346 258
[61] 153 087
[62] 236 242
[63] 232 280
[64] 205 273
[65] 039 049
[66] 233 265
[67] 741 520 268
[68] 009 741 008
[69] 033 266
[70] 746 439 448 277
[71] 233 026
[72] 237 265
[73] 216 031
[74] 744 725 368 272
[75] 203 236
[76] 388 269
[77] 002 296
[78] 237 280
[79] 201 248
[80] 746 934 746 937
[81] 207 742 025
[82] 747 036 481 360 264
[83] 225 205
[84] 193 272
[85] 207 264
[86] 740 637 265
[87] 741 126 741 104 260
[88] 228 272
[89] 743 806 743 906 744 124 267
[90] 205 005
[91] 232 258
[92] 236 272
[93] 741 825 742 829 272
[94] 745 306 748 124 658 245
[95] 740 632 740 726
[96] 740 632 007
[97] 236 249
[98] 740 637 742 024 473 280
[99] 742 029 241
[100] 034 745 326
[101] 007 127
[102] 033 272
[103] 564 458 265
[104] 740 634 744 733
[105] 740 633 747 345
# 106
[106] 236 117
[107] 742 024 477 388 280
[108] 233 280
[109] 237 280
[110] 207 272
[111] 746 024 748 240 749 416 750 320 247
[112] 741 806 742 025 742 806
[113] 750 207 372 261
[114] 740 606 742 025
[115] 237 136
[116] 236 243
[117] 750 647 440 287
[118] 232 272
[119] 236 280
[120] 238 240
[121] 234 153
[122] 190 264
[123] 233 280
[124] 235 264
[125] 233 261
[126] 235 248
[127] 741 524 289
[128] 234 256
[129] 238 240
[130] 232 741 124
[131] 752 002 364 272
[132] 742 804 744 733
[133] 745 306 750 206 345 264
[134] 113 087
[135] 002 276
[136] 002 292
[137] 029 280
[138] 030 741 130
[139] 741 126 345 264
[140] 236 242
[141] 137 044
[142] 742 200 272
[143] 167 205
[144] 741 124 741 106 273
[145] 740 716 667 488 267
[146] 145 095
[147] 236 242
[148] 232 280
[149] 233 264
[150] 741 524 289
[151] 238 240
[152] 740 721 743 724 268
[153] 029 743 532
[154] 232 055
[155] 340 279
# 156
[156] 740 600 379
[157] 742 518 364 264
[158] 224 063
[159] 192 272
[160] 754 248 564 255
[161] 742 518 355
[162] 751 308 753 301 754 544 755 223 660 384 260
[163] 740 908 742 828 748 428
[164] 745 411 750 133 272
[165] 741 637 741 828 742 608
[166] 236 077
[167] 743 502 287
[168] 743 538 248
[169] 236 276
[170] 232 280
[171] 740 725 742 024 744 736 272
[172] 237 002
[173] 031 256
[174] 239 248
[175] 741 530 248
[176] 236 276
[177] 232 280
[178] 741 826 742 826 245
[179] 238 743 700
[180] 740 725 744 736 242
[181] 740 729 744 732 342
[182] 744 206 756 432 756 524 757 127 546 367 265
[183] 741 530 754 839
[184] 236 276
[185] 232 280
[186] 206 272
[187] 749 910 750 020 240
[188] 746 024 750 225 758 224 250
[189] 741 805 742 805 743 126
[190] 741 829 742 825 743 124
[191] 741 824 742 806 757 925
[192] 741 804 742 005 742 824
[193] 656 542 460 357 261
[194] 029 033
[195] 237 288
[196] 740 632 282
[197] 740 634 742 025 272
[198] 025 749 024
[199] 233 280
[200] 740 632 741 824 244
[201] 741 806 751 424 564 246
[202] 232 747 540
[203] 007 283
[204] 742 127 276
[205] 217 215
# 206
[206] 030 248
[207] 233 247
[208] 007 248
[209] 007 017
[210] 027 272
[211] 235 272
[212] 740 604 740 606
[213] 232 223
[214] 047 275
[215] 760 856 596 444 304
[216] 213 215
[217] 740 600 243
[218] 231 256
[219] 744 126 761 032 252
[220] 741 826 742 025 742 806
[221] 741 824 761 464
[222] 760 102 760 432 761 560 500 362 300
[223] 046 292
[224] 231 757 929
[225] 206 743 732
[226] 047 245
[227] 153 127
[228] 760 932 556 380 254
[229] 015 656
[230] 015 454
[231] 015 760 932
[232] 762 348 581 465 365 281
[233] 048 240
[234] 236 743 502
[235] 214 256
[236] 205 207
[237] 754 617 272
[238] 213 013
[239] 579 342 260
[240] 001 248
[241] 225 005
[242] 047 282
[243] 005 273
[244] 745 732 247
[245] 167 005
[246] 743 503 388 265
[247] 746 533 764 040 272
[248] 030 749 024
[249] 238 240
[250] 234 248
[251] 224 264
[252] 006 246
[253] 743 522 750 200
[254] 007 762 706
[255] 764 740 464 347 265
# 256
[256] 741 100 741 130 763 308 248
[257] 205 007
[258] 764 249 284
[259] 743 532 288
[260] 746 532 264
[261] 007 754 833
[262] 743 500 349 278
[263] 013 755 915
[264] 217 013
[265] 753 432 753 418 280 258
[266] 556 456 248
[267] 741 232 749 021
[268] 225 007
[269] 344 279
[270] 763 808 766 316 252
[271] 031 137
[272] 127 272
[273] 017 741 016
[274] 127 113
[275] 217 017
[276] 556 456 354 254
[277] 167 751 426
[278] 748 322 248
[279] 765 632 766 632 767 040 450 260
[280] 741 532 745 729
[281] 741 826 742 824 244
[282] 742 025 751 607
[283] 191 201
[284] 018 249
[285] 015 145
[286] 371 265
[287] 145 744 024
[288] 768 102 768 216 379 262
[289] 749 017 756 640
[290] 766 838 241
[291] 234 256
[292] 237 754 617
[293] 372 263
[294] 112 750 224
[295] 023 143
[296] 145 264
[297] 768 718 472 258
[298] 763 825 769 016
[299] 768 840 769 340 376 272
[300] 742 902 768 216 768 639 768 722
[301] 745 324 112
[302] 742 025 742 005
[303] 221 223
[304] 456 340 243
[305] 741 522 769 216
# 306
[306] 217 741 516
[307] 770 032 456 363 257
[308] 741 530 750 647
[309] 236 284
[310] 232 288
[311] 024 763 420
[312] 232 288
[313] 740 604 749 018
[314] 757 924 757 928 546 346 281
[315] 012 248
[316] 750 206 768 222 768 716
[317] 102 256
[318] 082 242
[319] 749 142 757 930
[320] 014 264
[321] 749 145 757 929
[322] 015 264
[323] 749 142 771 204
[324] 014 264
[325] 749 140 771 341
[326] 012 248
[327] 769 945 770 745 771 501 771 839 772 029 668 469 241
[328] 213 755 524
[329] 213 755 624
[330] 213 740 716
[331] 756 116 564 456 356 248
[332] 201 747 708
[333] 205 746 233
[334] 232 015
[335] 741 520 269
[336] 746 932 484 251
[337] 748 020 748 124 689 289
[338] 167 749 640
[339] 765 742 269
[340] 003 248
[341] 236 123
[342] 002 280
[343] 237 272
[344] 002 259
[345] 007 245
[346] 233 750 133
[347] 209 276
[348] 774 027 463 264
[349] 233 741 033
[350] 209 276
[351] 764 225 264
[352] 748 124 750 206 581 289
[353] 073 764 248
[354] 006 280
[355] 749 017 765 740
# 356
[356] 001 256
[357] 775 024 472 263
[358] 748 124 750 206 775 149 281
[359] 750 225 773 740 775 240 280
[360] 002 750 640
[361] 233 288
[362] 239 240
[363] 237 280
[364] 741 524 742 025 252
[365] 749 327 750 125 266
[366] 211 228
[367] 196 272
[368] 184 264
[369] 236 272
[370] 236 243
[371] 232 296
[372] 002 288
[373] 239 240
[374] 229 248
[375] 153 135
[376] 775 900 776 534 373 267
[377] 742 921 750 207 272
[378] 215 742 818
[379] 756 116 773 008 352 258
[380] 740 726 744 733 761 204
[381] 235 757 212
[382] 741 826 742 824 280
[383] 745 306 750 206 464 260
[384] 750 000 763 601 770 200
[385] 750 225 364 250
[386] 741 824 743 506 776 332
[387] 743 502 749 616
[388] 765 732 360 272
[389] 026 264
[390] 232 250
[391] 741 825 741 803 264 242
[392] 232 753 527
[393] 233 253
[394] 741 524 749 640 252
[395] 743 502 256
[396] 026 264
[397] 232 250
[398] 238 754 400
[399] 742 829 342 242
[400] 740 606 759 634
[401] 742 806 751 424 759 726 264
[402] 742 917 751 217 759 016 778 516 779 120 460 257
[403] 205 745 741
[404] 006 258
[405] 232 288
# 406
[406] 002 296
[407] 757 232 774 624
[408] 055 296
[409] 187 167
[410] 237 277
[411] 236 251
[412] 006 280
[413] 780 641 691 283
[414] 035 113
[415] 745 302 257
[416] 193 145
[417] 203 270
[418] 753 433 260
[419] 035 087
[420] 673 391 264
[421] 007 296
[422] 003 096
[423] 036 288
[424] 207 741 524
[425] 741 105 381 244
[426] 032 280
[427] 006 281
[428] 750 225 781 348 782 148 281
[429] 740 632 005
[430] 753 002 269
[431] 753 806 766 841
[432] 743 502 341 277
[433] 005 073
[434] 746 934 241
[435] 007 245
[436] 741 124 750 225 280
[437] 233 764 356
[438] 774 620 288
[439] 764 123 244
[440] 741 106 750 225
[441] 782 828 783 220 660 361 252
[442] 162 166
[443] 237 249
[444] 741 804 744 733 272
[445] 745 303 750 203 580 269
[446] 214 743 724
[447] 756 116 772 916 773 008 356 259
[448] 006 753 032
[449] 743 533 775 507 280
[450] 002 771 040
[451] 002 771 240
[452] 002 757 902
[453] 007 757 905
[454] 749 018 749 620
[455] 784 938 678 578 478 375 257
# 456
[456] 186 190
[457] 045 248
[458] 233 288
[459] 235 272
[460] 233 253
[461] 002 296
[462] 237 296
[463] 740 604 007
[464] 749 640 368 280
[465] 005 256
[466] 749 640 749 620
[467] 743 506 360 260
[468] 761 624 764 140
[469] 232 258
[470] 002 280
[471] 749 641 782 929 280
[472] 743 502 745 401 241
[473] 783 219 785 513 786 725 264 259
[474] 215 742 516
[475] 755 716 772 816 772 916 357 258
[476] 740 606 741 824
[477] 741 806 741 927 264
[478] 779 824 779 802
[479] 779 824 779 806
[480] 742 917 751 217 759 016 778 516 780 117 457 356 256
[481] 761 228 774 644
[482] 207 744 733
[483] 205 740 724
[484] 748 124 778 024 472 364 258
[485] 742 232 748 426 765 005
[486] 742 025 745 705
[487] 750 229 348 242
[488] 742 025 774 620
[489] 750 002 763 603 256
[490] 750 225 788 424 464 264
[491] 232 757 010
[492] 741 825 742 024 742 829 242
[493] 741 824 742 806 761 224
[494] 741 806 742 826 761 224
[495] 741 826 742 824 761 204
[496] 789 017 557 458 358 256
[497] 745 306 750 206 778 517
[498] 755 222 773 011 784 622 240
[499] 234 207
[500] 750 133 246
[501] 055 296
[502] 006 288
[503] 749 645 782 925 280
[504] 764 118 247
[505] 766 928 787 225 280
# 506
[506] 756 116 772 916 773 008 784 619 264
[507] 750 607 778 140
[508] 033 762 732
[509] 748 124 770 132 376 246
[510] 095 749 029
[511] 235 264
[512] 239 241
[513] 005 244
[514] 234 256
[515] 206 250
[516] 750 225 790 940 246
[517] 741 036 750 136 241
[518] 740 726 741 804
[519] 745 304 750 204 356 266
[520] 756 116 773 008 784 619 257
[521] 756 248 759 308 767 936 773 136 777 928 780 212 784 728 787 528 788 008 789 609 789 613 789 817 790 636 268
[522] 741 824 742 826 778 140
[523] 014 248
[524] 086 750 224
[525] 014 745 326
[526] 742 918 762 018 480 380 280
[527] 740 632 740 724 759 804
[528] 749 030 749 608
[529] 742 025 749 532 757 412 366 272
[530] 232 272
[531] 014 264
[532] 753 437 770 116 792 544
[533] 766 421 792 632 388 268
[534] 236 750 703
[535] 232 288
[536] 215 273
[537] 213 015
[538] 680 365 277
[539] 745 743 750 607
[540] 745 810 766 421 781 925 280
[541] 237 773 416
[542] 214 280
[543] 763 821 488 288
[544] 006 304
[545] 233 296
[546] 743 536 786 344 264
[547] 740 637 742 825
[548] 751 416 751 412 257 253
[549] 042 262
[550] 042 284
[551] 054 776 040
[552] 007 019
[553] 094 257
[554] 608 496 288
[555] 233 304
# 556
[556] 237 296
[557] 743 536 786 344 264
[558] 227 785 864
[559] 215 753 535
[560] 763 821 377 273
[561] 237 296
[562] 233 296
[563] 749 640 786 340 268
[564] 094 782 232
[565] 236 243
[566] 002 296
[567] 237 280
[568] 233 288
[569] 749 640 786 340 260
[570] 745 745 782 900
[571] 232 258
[572] 743 533 749 641 288
[573] 786 444 793 824 794 624 795 724 796 344 584 277
[574] 001 240
[575] 002 754 948
[576] 237 288
[577] 740 633 749 021
[578] 771 340 360 281
[579] 003 256
[580] 741 124 741 106 797 424 260
[581] 167 742 826
[582] 231 741 828
[583] 744 122 348 248
[584] 185 748 316
[585] 236 242
[586] 010 256
[587] 216 356
[588] 766 417 660 380 264
[589] 042 276
[590] 046 304
[591] 025 296
[592] 233 296
[593] 740 604 749 640
[594] 757 224 364 284
[595] 015 272
[596] 741 032 252
[597] 743 534 062
[598] 015 135
[599] 472 384 277
[600] 745 324 750 133
[601] 748 130 356 276
[602] 006 280
[603] 008 248
[604] 009 750 108
[605] 750 224 265
# 606
[606] 745 304 750 204 264
[607] 746 809 798 000 548 260
[608] 186 740 609
[609] 740 609 740 613
[610] 751 217 759 016 780 117 376 264
[611] 744 817 760 506
[612] 221 740 708
[613] 800 708 456 357 253
[614] 127 748 126
[615] 103 253
[616] 031 280
[617] 224 754 732
[618] 743 803 744 129 375 276
[619] 234 087
[620] 754 836 288
[621] 139 257
[622] 103 751 631
[623] 740 624 296
[624] 745 328 086
[625] 143 260
[626] 751 218 801 849 696 476 284
[627] 097 244
[628] 202 749 232
[629] 204 137
[630] 034 097
[631] 745 313 456 380 280
[632] 143 256
[633] 143 092
[634] 137 256
[635] 772 832 288
[636] 772 932 388
[637] 787 402 488
[638] 794 810 802 740 803 240 480 380 280
[639] 136 761 632
[640] 102 256
[641] 792 140 801 320 476 261
[642] 233 756 632
[643] 749 017 296
[644] 743 532 289
[645] 238 240
[646] 234 248
[647] 741 825 742 024 742 829 242
[648] 741 824 742 826 751 643
[649] 740 638 759 900
[650] 741 927 742 025 757 905 760 024 244
[651] 228 751 511
[652] 742 502 287
[653] 804 717 660 456 444 272
[654] 232 749 924
[655] 741 523 258
# 656
[656] 770 416 770 617 456 254
[657] 750 206 768 222 778 024
[658] 102 256
[659] 082 242
[660] 213 791 140
[661] 222 743 716
[662] 753 434 380 245
[663] 763 432 768 924 280
[664] 771 502 772 024 772 225 772 424 772 602 805 624 668 289
[665] 009 256
[666] 740 726 742 804 784 332
[667] 778 024 784 424 789 017 789 217 264
[668] 746 824 763 006 800 424 472 256
[669] 153 769 532
[670] 231 741 500
[671] 754 324 346 264
[672] 030 782 408
[673] 745 325 358 258
[674] 025 750 124
[675] 743 803 806 929 364 269
[676] 234 755 016
[677] 238 240
[678] 741 825 742 024 742 829 242
[679] 744 703 751 502
[680] 742 025 742 806 280
[681] 742 906 762 018 768 220 807 519 457 260
[682] 742 025 750 607
[683] 742 902 769 416 770 303 256
[684] 207 759 904
[685] 207 741 824
[686] 742 226 764 921 366 258
[687] 223 468
[688] 219 456
[689] 806 110 808 124 808 320 461 359 273
[690] 749 124 763 424
[691] 232 288
[692] 749 142 244
[693] 741 009 750 109 270
[694] 746 803 805 924 664 242
[695] 746 824 800 424 806 716 252
[696] 227 742 232
[697] 237 277
[698] 135 750 112
[699] 799 832 800 404 383 264
[700] 236 280
[701] 740 941 741 220 750 132
[702] 742 028 742 633 750 433 380 280
[703] 228 755 932
[704] 742 502 271
[705] 762 020 788 836 441 248
# 706
[706] 749 024 765 709
[707] 749 910 750 020 788 600 260
[708] 750 002 763 603 548
[709] 750 209 556 358 256
[710] 740 637 742 233
[711] 741 526 749 532 245
[712] 232 264
[713] 236 264
[714] 751 425 751 429 242
[715] 751 216 760 116 780 116 789 219 245
[716] 749 640 782 906
[717] 236 256
[718] 232 280
[719] 740 637 748 429 788 225
[720] 740 633 788 321
[721] 740 633 748 429
[722] 572 476 376 276
[723] 007 772 132
[724] 072 265
[725] 215 740 624
[726] 745 324 265
[727] 441 276
[728] 745 309 750 209 812 208 263
[729] 233 749 032
[730] 740 632 748 424 788 316 272
[731] 749 232 812 032 812 132 269
[732] 745 314 750 214 656 253
[733] 746 829 748 102
[734] 196 805 140
[735] 740 610 263
[736] 745 324 746 825
[737] 762 002 548 364 268
[738] 232 773 010
[739] 215 257
[740] 773 021 464 265
[741] 810 408 813 308 813 328 648 668
[742] 806 825 809 517 810 924 811 510 812 840 813 207 380 264
[743] 103 256
[744] 743 506 793 332
[745] 763 410 793 532
[746] 743 500 793 745
[747] 766 517 472 372 272
[748] 749 110 765 014
[749] 210 765 010
[750] 749 018 761 635
[751] 564 450 346 272
[752] 100 265
[753] 744 211 745 311 748 121 749 314
[754] 102 746 824
[755] 804 136 814 332 467 360 247
# 756
[756] 239 797 600
[757] 741 824 742 025 742 826 252
[758] 750 214 791 816 260
[759] 236 750 210
[760] 212 258
[761] 015 748 314
[762] 236 242
[763] 211 263
[764] 213 760 217
[765] 815 820 654 371 257
[766] 748 106 260
[767] 741 813 742 809 743 108
[768] 218 743 108
[769] 806 120 464 348 256
[770] 090 815 800
[771] 749 026 768 939
[772] 236 276
[773] 232 280
[774] 232 250
[775] 741 825 742 024 742 829 242
[776] 742 908 742 912 249 253
[777] 742 500 744 531
[778] 741 814 742 017 742 816
[779] 346 246
[780] 054 745 324
[781] 817 028 648 372 272
[782] 817 032 372
[783] 755 445 794 822
[784] 744 441 288
[785] 225 272
[786] 742 506 744 124 272
[787] 742 025 755 407
[788] 816 928 818 032 818 136 818 236 372 246
[789] 006 779 348
[790] 048 240
[791] 741 516 750 426 260
[792] 112 272
[793] 740 624 740 612
[794] 740 624 740 614
[795] 185 217
[796] 440 340 277
[797] 223 740 628
[798] 234 073
[799] 216 270
[800] 794 802 819 224 564 455 264
[801] 239 240
[802] 233 276
[803] 755 445 272
[804] 228 740 633
[805] 188 264
# 806
[806] 749 820 257
[807] 773 443 788 318
[808] 099 261
[809] 751 631 259
[810] 236 641
[811] 232 280
[812] 820 344 820 617 442 269
[813] 741 824 742 025 742 826 252
[814] 237 776 032
[815] 209 264
[816] 232 284
[817] 026 280
[818] 740 633 742 529 304
[819] 026 756 624
[820] 740 637 742 529 288
[821] 742 024 750 437 754 832 496 280
[822] 239 240
[823] 233 280
[824] 237 272
[825] 741 824 742 025 742 826 244
[826] 805 016 805 004 818 824 821 324 821 312 256 244
[827] 751 216 751 218 751 204 751 206 768 232 768 220
[828] 766 417 770 416 808 116 256
[829] 742 900 753 437 792 544 808 216
[830] 217 796 732
[831] 793 232 560 372 281
[832] 015 797 632
[833] 766 521 672 372 273
[834] 100 248
[835] 236 805 424
[836] 740 725 744 736 264
[837] 742 233 748 429 364
[838] 757 240 757 236
[839] 233 304
[840] 237 288
[841] 749 640 786 340 260
[842] 765 732 785 332 260
[843] 215 749 117
[844] 235 264
[845] 239 248
[846] 741 526 742 025 280
[847] 232 272
[848] 236 272
[849] 006 272
[850] 005 779 232
[851] 741 124 753 020 276
[852] 006 280
[853] 002 809 140
[854] 785 036 823 628 823 724 824 236 672 372 276
[855] 100 248
# 856
[856] 096 814 700
[857] 740 725 742 024 744 736 817 332
[858] 740 729 744 732 765 002
[859] 741 824 742 824 754 807
[860] 793 729 811 602
[861] 748 918 756 524 758 125 567 465 352 246
[862] 757 224 765 029
[863] 007 280
[864] 757 224 757 929
[865] 007 280
[866] 750 224 473 273
[867] 007 765 005
[868] 785 035 785 135 785 332 785 420 364 272
[869] 100 248
[870] 741 825 744 732 784 333 807 632
[871] 742 918 778 024 806 624 825 912 265
[872] 742 918 784 424 806 624 825 727 825 912
[873] 096 786 700
[874] 822 612 823 432 825 532 825 628 826 124 672 464 364 268
[875] 235 750 904
[876] 741 524 742 025 264
[877] 740 632 741 524
[878] 741 526 792 832 246
[879] 749 926 749 914 784 012 811 114 444 254
[880] 742 237 748 425 751 640
[881] 232 267
[882] 236 280
[883] 237 249
[884] 740 604 749 532
[885] 749 835 751 424 344 274
[886] 745 300 748 130 778 028 240
[887] 216 749 034
[888] 742 237 750 640 788 229 285
[889] 232 267
[890] 236 280
[891] 237 249
[892] 741 824 742 824 761 224 244
[893] 745 304 750 204 778 026 244
[894] 811 916 827 908 828 608 252
[895] 197 196
[896] 742 001 264
[897] 750 603 364
[898] 233 146
[899] 567 246
[900] 819 533 580 496 292
[901] 228 029
[902] 196 280
[903] 224 264
[904] 153 115
[905] 819 711 696 372 289
# 906
[906] 027 145
[907] 744 125 388 269
[908] 232 273
[909] 236 280
[910] 749 835 245
[911] 030 800 416
[912] 215 829 540
[913] 224 264
[914] 744 125 454 264
[915] 744 633 264
[916] 745 300 748 130 831 000 285
[917] 236 083
[918] 002 280
[919] 237 272
[920] 233 296
[921] 239 240
[922] 741 524 749 640 252
[923] 743 502 786 616 256
[924] 034 248
[925] 748 101 828 608 831 608 260
[926] 748 437 753 016
[927] 740 633 742 028 364 272
[928] 233 816 520
[929] 223 742 009
[930] 770 325 380 265
[931] 745 306 750 206 778 024 819 306
[932] 748 105 266
[933] 207 754 324
[934] 741 126 741 104 245
[935] 232 252
[936] 740 637 741 928 564 276
[937] 207 749 833
[938] 745 318 745 306 272 260
[939] 232 264
[940] 773 441 794 156
[941] 743 506 260
[942] 765 724 778 724 268
[943] 234 248
[944] 782 926 560
[945] 743 510 765 728 264
[946] 234 244
[947] 833 035 833 620 833 924 558 258
[948] 742 024 742 124 743 124 829 424 832 724 264
[949] 142 240
[950] 759 016 768 707 769 607 807 516
[951] 143 742 508
[952] 137 769 516
[953] 815 503 827 424 568 369 269
[954] 207 740 604
[955] 764 916 271
# 956
[956] 223 368
[957] 806 110 808 124 346 259
[958] 740 632 755 334
[959] 741 526 741 806 272
[960] 232 264
[961] 236 264
[962] 210 256
[963] 763 817 766 517 835 724 264
[964] 743 503 786 345 811 802
[965] 785 139 785 239 785 336 785 416 825 339 243
[966] 217 015
[967] 742 910 766 417 770 311 277
[968] 046 280
[969] 007 757 248
[970] 799 825 280
[971] 191 742 828
[972] 769 629 580 384 243
[973] 743 507 786 619 246
[974] 771 345 811 732
[975] 741 033 750 133 272
[976] 745 304 750 204 784 426 245
[977] 786 724 814 724 823 320 825 420 836 313 836 524 565 250
[978] 236 742 508
[979] 232 280
[980] 744 631 241
[981] 745 306 750 206 778 024 272
[982] 232 272
[983] 773 446 240
[984] 742 024 742 637 750 437 757 732 272
[985] 002 752 556
[986] 237 296
[987] 235 256
[988] 239 240
[989] 741 526 742 025 272
[990] 742 029 748 430 828 408
[991] 744 219 762 019 818 809 838 404 367 249
[992] 203 778 144
[993] 136 284
[994] 018 272
[995] 156 288
[996] 743 804 743 904 744 126 281
[997] 745 306 748 124 792 220 272
[998] 741 232 743 732
[999] 206 741 232
[1000] 762 522 456 362 262
[1001] 014 776 156
[1002] 743 532 800 426 253
[1003] 234 256
[1004] 235 245
[1005] 741 826 742 025 742 824 272
# 1006
[1006] 235 022
[1007] 013 253
[1008] 236 272
[1009] 742 024 242
[1010] 745 324 800 425
[1011] 742 904 762 016 770 204 840 524 347 264
[1012] 236 811 108
[1013] 740 604 748 124
[1014] 741 104 245
[1015] 742 821 456 260
[1016] 742 500 830 331
[1017] 763 826 763 829
[1018] 346 266
[1019] 223 741 520
[1020] 770 204 356 245
[1021] 039 129
[1022] 819 304 272
[1023] 223 741 808
[1024] 746 824 753 406 372 264
[1025] 211 749 129
[1026] 763 410 251
[1027] 743 500 760 501
[1028] 763 831 342 242
[1029] 840 028 841 120 841 516 842 014 643 254
[1030] 741 526 751 641
[1031] 102 264
[1032] 750 224 272
[1033] 742 906 762 018 768 220 789 217 808 020 280
[1034] 770 420 770 621 842 010 272
[1035] 771 502 772 024 772 225 772 424 772 602 805 928 842 924 268
[1036] 740 732 751 502
[1037] 751 506 759 840
[1038] 740 632 380 260
[1039] 022 017
[1040] 027 264
[1041] 235 264
[1042] 751 426 560 288
[1043] 742 127 751 607
[1044] 126 745 324
[1045] 741 034 843 932
[1046] 122 763 632
[1047] 745 326 456 364 260
[1048] 760 102 762 022 789 221 844 244 656 284
[1049] 751 603 836 645
[1050] 742 025 831 707
[1051] 745 324 086
[1052] 680 488 380 268
[1053] 770 132 770 335 805 232
[1054] 766 421 844 832 376 280
[1055] 210 811 316
# 1056
[1056] 763 821 376 268
[1057] 033 741 034
[1058] 014 264
[1059] 742 918 762 018 792 440 288
[1060] 743 506 264
[1061] 766 417 814 632 842 732 272
[1062] 072 785 333
[1063] 763 823 374 244
[1064] 814 725 814 706 845 625 845 606 253
[1065] 750 225 810 532 810 710 810 832
[1066] 749 232 749 641 782 929
[1067] 743 532 272
[1068] 167 750 434
[1069] 231 741 528
[1070] 744 128 342 242
[1071] 741 202 750 433
[1072] 745 411 676 346 255
[1073] 741 925 742 025 760 026 761 204 804 906
[1074] 751 218 760 106 762 018 789 217 846 525 364
[1075] 740 604 740 726
[1076] 749 532 779 332 272
[1077] 748 530 758 029 248
[1078] 006 272
[1079] 749 533 753 002
[1080] 741 124 745 325
[1081] 748 530 341 269
[1082] 741 125 741 107 546 246
[1083] 236 763 532
[1084] 749 016 244
[1085] 234 248
[1086] 740 606 749 532
[1087] 749 836 751 429 342 277
[1088] 745 300 750 200 758 029 241
[1089] 740 633 754 432
[1090] 740 634 743 924
[1091] 742 024 750 433 824 832 372 273
[1092] 741 825 742 829 823 524
[1093] 232 788 524
[1094] 236 264
[1095] 741 829 742 825 264
[1096] 804 720 823 724 848 206 848 816 664 560 256
[1097] 741 524 777 149
[1098] 234 256
[1099] 238 240
[1100] 757 927 812 133 821 232 265
[1101] 740 729 743 124 744 732
[1102] 740 636 759 838
[1103] 740 726 742 804 272
[1104] 741 804 744 733 372
[1105] 751 222 791 828 648 569 368 268
# 1106
[1106] 740 606 749 640
[1107] 799 342 829 005 282
[1108] 001 240
[1109] 167 833 326
[1110] 228 754 325
[1111] 744 126 344 281
[1112] 745 413 848 013 541 278
[1113] 744 732 779 724 794 728 798 125
[1114] 743 102 751 425 751 429
[1115] 757 127 805 016 805 018 446 365 245
[1116] 742 920 751 220 759 021 780 102 787 700 789 021
[1117] 026 776 424
[1118] 237 241
[1119] 742 825 838 332 849 037 277
[1120] 741 525 742 825 811 802
[1121] 741 526 757 905
[1122] 805 022 441 369 270
[1123] 233 842 528
[1124] 763 426 281
[1125] 740 725 742 825 784 337 272
[1126] 758 028 778 516 789 521 827 024 268
[1127] 749 018 773 405
[1128] 003 280
[1129] 001 256
[1130] 743 506 756 740
[1131] 757 233 763 412
[1132] 753 647 458 348 284
[1133] 236 242
[1134] 232 246
[1135] 740 604 742 524
[1136] 741 825 742 633 372 273
[1137] 742 920 852 029 852 130 243
[1138] 741 825 743 124 851 833
[1139] 742 918 762 016 852 027 245
[1140] 215 757 220
[1141] 235 272
[1142] 007 296
[1143] 757 237 240
[1144] 743 538 753 647 272
[1145] 236 280
[1146] 234 244
[1147] 236 272
[1148] 741 825 742 024 742 829 272
[1149] 742 916 762 018 852 025 247
[1150] 741 216 786 309
[1151] 742 829 743 124 847 533 272
[1152] 742 922 762 020 852 031 241
[1153] 806 716 837 719 839 117 843 516 846 410 847 424 849 612 850 512 851 516 851 606 852 210 852 617 853 710 853 912 546 256
[1154] 086 812 019
[1155] 086 812 119
# 1156
[1156] 014 774 608
[1157] 742 025 742 127 488 388 288
[1158] 749 018 256
[1159] 167 749 642
[1160] 009 248
[1161] 749 018 753 425
[1162] 836 624 565 362 265
[1163] 139 843 014
[1164] 096 272
[1165] 742 525 484 280
[1166] 138 750 700
[1167] 740 616 740 620
[1168] 073 264
[1169] 803 906 476 280
[1170] 127 742 524
[1171] 023 751 609
[1172] 856 540 477 365 273
[1173] 180 820 416
[1174] 167 225
[1175] 215 256
[1176] 183 209
[1177] 664 561 370 248
[1178] 100 268
[1179] 767 224 767 324 767 406 767 506
[1180] 102 773 010
[1181] 102 662
[1182] 469 358 258
[1183] 857 530 857 608 565
[1184] 100 268
[1185] 806 720 843 520 847 428 849 608 853 714 853 908 857 837 477 277
[1186] 222 823 508
[1187] 223 742 810
[1188] 842 329 480 368 269
[1189] 749 926 749 914 811 126 811 114 827 616 827 604
[1190] 749 835 774 620
[1191] 745 300 748 130 800 036 256
[1192] 008 248
[1193] 746 809 540 248
[1194] 740 709 742 008 744 720 757 016
[1195] 223 744 717
[1196] 801 221 816 828 456 368 265
[1197] 741 826 742 824 837 933
[1198] 741 826 742 005 742 826
[1199] 762 014 849 509 360 254
[1200] 192 830 324
[1201] 746 829 755 423
[1202] 343 256
[1203] 742 029 742 828 356
[1204] 813 316 813 620 841 620 372 264
[1205] 143 248
# 1206
[1206] 208 815 918
[1207] 100 261
[1208] 858 017 859 920 472 277
[1209] 741 532 755 423
[1210] 741 931 742 029 760 028 804 900 248
[1211] 232 741 518
[1212] 236 264
[1213] 741 829 742 825 264
[1214] 804 828 805 008 805 224 556 251
[1215] 773 021 860 614 272
[1216] 103 256
[1217] 029 846 628
[1218] 237 280
[1219] 235 244
[1220] 742 025 749 534 792 724 792 834 264
[1221] 014 745 324
[1222] 746 813 356 266
[1223] 745 304 750 204 813 312 813 624
[1224] 746 813 352 256
[1225] 770 325 801 221 859 529 264
[1226] 143 260
[1227] 191 740 636
[1228] 203 248
[1229] 232 268
[1230] 740 637 742 024 272
[1231] 042 280
[1232] 047 860 035
[1233] 007 831 751
[1234] 007 022
[1235] 235 280
[1236] 742 024 696 601 509 309
[1237] 235 244
[1238] 233 296
[1239] 005 272
[1240] 014 789 906
[1241] 198 037
[1242] 748 124 845 848 396 258
[1243] 232 312
[1244] 007 288
[1245] 002 304
[1246] 740 637 863 925 296
[1247] 205 289
[1248] 009 256
[1249] 207 745 741
[1250] 012 272
[1251] 788 318 453 264
[1252] 102 256
[1253] 142 750 230
[1254] 750 212 364 264
[1255] 741 238 861 901
# 1256
[1256] 748 129 778 029 788 229 788 317 264
[1257] 748 125 788 225 800 529
[1258] 746 809 862 110
[1259] 746 813 457 359 264
[1260] 770 325 832 925 832 929 264
[1261] 143 240
[1262] 742 025 773 405
[1263] 746 808 827 601 253
[1264] 741 829 742 825 840 832
[1265] 746 809 450 243
[1266] 746 813 800 616 465 264
[1267] 770 325 832 925 832 929 264
[1268] 143 240
[1269] 143 360
[1270] 740 725 744 736 751 640
[1271] 741 536 750 133
[1272] 774 644 256
[1273] 748 120 788 314 463 268
[1274] 773 021 860 614 272
[1275] 103 256
[1276] 850 120 865 325 272
[1277] 858 832 859 620 860 832 861 632 862 632 865 425 866 132 866 832 866 932 272
[1278] 742 921 751 221 759 020 778 516 779 116 779 916 780 121
[1279] 166 807 702
[1280] 142 248
[1281] 143 798 108
[1282] 143 743 908
[1283] 835 124 855 317 867 724 649 465 364 264
[1284] 162 745 740
[1285] 224 264
[1286] 754 632 283
[1287] 195 280
[1288] 007 102
[1289] 088 272
[1290] 233 288
[1291] 742 025 749 532 604 296
[1292] 235 245
[1293] 239 240
[1294] 233 280
[1295] 237 272
[1296] 741 824 742 025 742 826 264
[1297] 740 638 759 602
[1298] 742 025 742 806 264
[1299] 742 906 762 018 770 204 804 717 847 318 444 244
[1300] 749 402 750 314 833 729
[1301] 207 812 035
[1302] 745 314 763 620 256
[1303] 751 218 813 612 859 806 273
[1304] 206 753 032
[1305] 745 315 750 308 256
# 1306
[1306] 742 024 861 206
[1307] 751 216 751 218 751 204 866 407 265
[1308] 745 310 745 314 833 724 833 728
[1309] 869 900 870 002 870 328 568 348 269
[1310] 740 729 744 732 749 232
[1311] 749 312 778 310 260
[1312] 741 829 742 024 742 825 752 924
[1313] 751 216 751 218 751 204 751 206 257 245
[1314] 039 151
[1315] 800 924 842 133 273
[1316] 746 824 753 406 832 924 273
[1317] 840 024 870 524 871 110 544 247
[1318] 741 107 745 411 756 332
[1319] 744 211 756 521 757 116 757 811 758 016 758 120 261
[1320] 782 925 804 256
[1321] 239 240
[1322] 237 272
[1323] 741 824 742 025 742 826 244
[1324] 745 304 750 204 778 026 244
[1325] 745 304 748 126 840 907 841 024
[1326] 746 813 348 256
[1327] 801 217 816 824 859 424 859 529 256
[1328] 740 604 812 133
[1329] 740 726 742 025 252
[1330] 748 120 813 109 260
[1331] 741 829 742 825 749 232
[1332] 745 314 750 214 871 816 253
[1333] 749 313 750 214 756 516
[1334] 745 314 750 214 758 019 453
[1335] 745 308 750 208 757 808
[1336] 815 320 870 916 871 720 871 920 872 720 873 011 557 457 357 247
[1337] 745 324 748 117
[1338] 748 102 748 121
[1339] 748 916 770 204 866 405 344 256
[1340] 841 116 841 112 870 524 871 607 250
[1341] 742 908 757 117 757 812 784 418 806 618
[1342] 223 749 809
[1343] 145 135
[1344] 778 024 842 132 871 432 246
[1345] 746 824 753 406 472 264
[1346] 870 824 870 810 264 250 260 246
[1347] 237 777 340
[1348] 741 824 742 025 742 826 252
[1349] 745 314 750 214 756 516 260
[1350] 742 910 745 314 748 116 815 720
[1351] 870 920 872 716 873 503 874 016 874 109 649 361 261
[1352] 221 797 524
[1353] 753 425 782 426
[1354] 748 129 380 285
[1355] 749 125 786 332
# 1356
[1356] 750 225 839 906 367 281
[1357] 002 272
[1358] 741 102 741 128 797 916 241
[1359] 742 916 757 125 757 804 784 426 806 626
[1360] 202 811 732
[1361] 006 246
[1362] 741 210 749 224
[1363] 753 024 782 921
[1364] 749 013 753 024
[1365] 572 476 376 276
[1366] 003 772 501
[1367] 741 102 741 128 343 256
[1368] 741 825 742 825 761 225 789 124
[1369] 745 304 750 204 778 026 245
[1370] 745 306 750 206 850 324 873 105
[1371] 748 124 749 305 751 218 751 204
[1372] 741 526 741 804
[1373] 833 424 833 402 251
[1374] 875 816 875 909 876 716 649 561 461 246
[1375] 236 809 703
[1376] 749 833 245
[1377] 745 302 750 202 778 028 248
[1378] 746 809 829 312 859 208 250
[1379] 767 216 767 214 767 316 767 314
[1380] 102 788 216
[1381] 444 359 256
[1382] 741 825 742 825 743 102
[1383] 740 637 741 928 256
[1384] 742 124 742 128 743 128 264 268
[1385] 142 240
[1386] 142 849 200
[1387] 741 530 837 937
[1388] 753 022 244
[1389] 232 280
[1390] 236 264
[1391] 741 829 742 024 742 825 264
[1392] 142 244
[1393] 741 825 742 829 811 324
[1394] 142 240
[1395] 741 825 742 024 742 829 849 902
[1396] 142 240
[1397] 142 804 700
[1398] 788 012 834 924 873 609 875 103 877 403 878 124 878 524 878 624 879 224 564 364 264
[1399] 741 928 779 728 794 724 878 216
[1400] 740 637 761 225
[1401] 742 024 743 124 264 268
[1402] 800 924 805 017 805 021 456 460 260
[1403] 742 237 748 425 777 148
[1404] 239 240
[1405] 237 272
# 1406
[1406] 741 826 742 025 264
[1407] 751 208 751 210 751 212 751 214 248 252
[1408] 112 818 002
[1409] 873 008 340 254
[1410] 745 324 816 520
[1411] 237 820 520
[1412] 228 251
[1413] 196 272
[1414] 744 632 273
[1415] 239 240
[1416] 218 249
[1417] 218 745 109
[1418] 832 917 880 208 880 924 881 028 368 268
[1419] 817 706 869 908
[1420] 749 033 756 624
[1421] 748 425 754 832 280
[1422] 236 243
[1423] 233 253
[1424] 237 272
[1425] 741 826 742 826 264
[1426] 742 908 742 910 742 912 742 914 248 252
[1427] 224 821 032
[1428] 742 502 277
[1429] 745 324 816 018
[1430] 215 742 017
[1431] 748 102 261
[1432] 817 932 882 608 568 472 268
[1433] 210 745 117
[1434] 748 102 777 821 264
[1435] 745 324 836 220
[1436] 816 928 881 824 881 924 882 828 668 568 368 264
[1437] 228 745 318
[1438] 030 749 010
[1439] 744 130 377 249
[1440] 200 815 934
[1441] 238 789 916
[1442] 747 125 280
[1443] 225 034
[1444] 033 272
[1445] 883 916 649 457 240
[1446] 238 256
[1447] 740 637 280
[1448] 740 633 742 024 280
[1449] 026 087
[1450] 221 273
[1451] 750 229 272
[1452] 745 306 750 206 289
[1453] 234 244
[1454] 236 280
[1455] 742 025 742 125 834 725 884 841 281
# 1456
[1456] 744 535 831 104
[1457] 022 741 016
[1458] 029 257
[1459] 027 273
[1460] 744 124 566 245
[1461] 224 742 908
[1462] 226 764 808
[1463] 744 125 784 210 372 250
[1464] 228 743 032
[1465] 743 803 744 129 684 364 264
[1466] 745 302 748 128 831 002 277
[1467] 745 300 748 130 807 521 828 500
[1468] 745 329 356 242
[1469] 744 204 762 004 770 204 871 205 883 604 885 532 259
[1470] 205 881 524
[1471] 743 236 744 203 745 536 745 803 745 917 272
[1472] 207 742 127
[1473] 749 418 750 322 365 245
[1474] 742 205 832 416 848 012
[1475] 026 832 324
[1476] 232 250
[1477] 742 807 751 425 442 264
[1478] 751 220 759 021 759 102 760 100 762 020 807 521 641 261
[1479] 741 824 742 025 742 826 882 404
[1480] 742 910 762 008 859 808 882 508 252
[1481] 818 032 248
[1482] 816 928 818 032 818 632 818 706 276
[1483] 742 025 756 607
[1484] 761 635 364 272 260
[1485] 760 517 811 602
[1486] 748 918 756 524 758 125 825 727 825 825 825 912 246
[1487] 749 024 793 709
[1488] 749 910 839 010 658 260
[1489] 167 812 133
[1490] 215 264
[1491] 888 420 672 450 247
[1492] 757 922 805 418
[1493] 757 922 811 218
[1494] 757 918 841 218
[1495] 236 827 808
[1496] 757 918 258
[1497] 743 018 757 922
[1498] 841 119 886 917 887 811 889 105 889 215 545 345 255
[1499] 096 837 712
[1500] 203 757 224
[1501] 839 216 281
[1502] 014 276
[1503] 745 324 483
[1504] 086 790 824
[1505] 845 024 492 342 284
# 1506
[1506] 002 760 502
[1507] 763 828 846 233 276
[1508] 805 508 822 930 478 253
[1509] 770 420 770 621 792 632 805 510
[1510] 748 124 788 224 792 442
[1511] 102 256
[1512] 082 242
[1513] 757 225 771 204
[1514] 014 272
[1515] 015 826 432
[1516] 757 224 867 116
[1517] 015 272
[1518] 890 802 890 932 891 232 576 477 277
[1519] 142 267
[1520] 096 256
[1521] 835 225 879 724 889 924 264
[1522] 025 750 732
[1523] 233 280
[1524] 221 256
[1525] 122 272
[1526] 223 741 820
[1527] 224 023
[1528] 830 448 468 352 281
[1529] 192 273
[1530] 228 288
[1531] 196 280
[1532] 015 033
[1533] 860 035 246
[1534] 233 741 013
[1535] 746 810 350 288
[1536] 746 808 831 735
[1537] 232 745 310
[1538] 742 025 893 133 464 390 273
[1539] 741 124 753 425
[1540] 224 745 302
[1541] 760 504 345 273
[1542] 801 028 801 217 832 929 859 529 573 281
[1543] 026 782 224
[1544] 025 275
[1545] 233 280
[1546] 740 725 757 906 277
[1547] 842 133 871 433 874 307 284
[1548] 746 825 753 407 874 233 280
[1549] 086 267
[1550] 801 218 841 604 859 524
[1551] 866 236 894 241 372 258
[1552] 030 774 609
[1553] 740 633 742 525 288
[1554] 162 763 632
[1555] 224 264
# 1556
[1556] 192 272
[1557] 749 533 837 932 860 028 580 276
[1558] 047 281
[1559] 236 280
[1560] 232 288
[1561] 239 241
[1562] 211 813 423
[1563] 223 829 532
[1564] 211 263
[1565] 211 761 323
[1566] 794 822 571 371 271
[1567] 760 529 766 421 793 733 268
[1568] 756 637 296
[1569] 029 288
[1570] 225 272
[1571] 193 280
[1572] 046 836 732
[1573] 042 304
[1574] 029 304
[1575] 227 288
[1576] 195 248
[1577] 233 288
[1578] 239 240
[1579] 042 819 328
[1580] 745 314 748 116 280
[1581] 167 756 641
[1582] 224 265
[1583] 193 273
[1584] 588 280
[1585] 237 280
[1586] 742 025 750 434 896 124 897 124 897 824 274
[1587] 823 727 862 004 895 126 260
[1588] 096 256
[1589] 820 851 861 904
[1590] 740 726 751 532
[1591] 744 733 751 532
[1592] 751 220 778 030 456 370 270
[1593] 096 256
[1594] 835 016 868 225 879 624 898 824 264
[1595] 232 763 440
[1596] 749 645 782 925 272
[1597] 236 243
[1598] 025 265
[1599] 233 272
[1600] 741 927 742 025 760 024 804 904 264
[1601] 192 892 732
[1602] 228 272
[1603] 742 502 271
[1604] 768 728 240
[1605] 741 824 742 826 752 448
# 1606
[1606] 822 508 900 008 900 012 372 276
[1607] 762 010 770 212 822 508 822 512 847 310 869 812
[1608] 818 032 368 248
[1609] 804 828 805 008 805 012 805 224 822 508
[1610] 090 875 000
[1611] 818 706 364 268
[1612] 745 304 748 126 564 264
[1613] 042 272
[1614] 233 764 540
[1615] 740 632 740 824 744 733 280
[1616] 003 757 408
[1617] 232 268
[1618] 236 280
[1619] 740 937 742 024 750 437 577 280
[1620] 748 128 762 022 241
[1621] 750 125 901 312 258
[1622] 743 324 823 502
[1623] 823 524 823 506
[1624] 743 416 806 917 456 356 260
[1625] 153 746 826
[1626] 742 500 270
[1627] 236 276
[1628] 232 280
[1629] 752 928 840 832 242
[1630] 751 221 759 121 759 217 789 220 246
[1631] 218 823 508
[1632] 740 604 742 232
[1633] 232 245
[1634] 740 633 751 425 272
[1635] 220 256
[1636] 789 600 867 801 903 009 642 268
[1637] 100 865 617
[1638] 239 804 300
[1639] 237 272
[1640] 741 824 742 025 742 826 244
[1641] 745 304 750 204 753 226 244
[1642] 100 248
[1643] 145 143
[1644] 789 216 247
[1645] 780 212 835 016 903 728 468 264
[1646] 232 826 732
[1647] 236 272
[1648] 749 021 272
[1649] 749 018 786 320
[1650] 743 502 341 256
[1651] 786 724 786 720 814 724 814 720 264 260
[1652] 096 252
[1653] 766 423 788 318 865 024
[1654] 237 782 925
[1655] 211 272
# 1656
[1656] 237 272
[1657] 235 244
[1658] 672 244
[1659] 001 264
[1660] 741 828 742 828 761 228 838 716
[1661] 007 272
[1662] 741 124 741 106 488 264
[1663] 102 256
[1664] 096 256
[1665] 835 225 879 724 905 224 264
[1666] 759 016 760 117 780 117 807 520 878 206
[1667] 220 811 216
[1668] 218 757 918
[1669] 889 314 443 368 242
[1670] 770 420 869 908 889 210 346
[1671] 905 348 905 736
[1672] 820 748 848 634 288
[1673] 748 130 778 030 788 230 788 320 264
[1674] 102 256
[1675] 096 256
[1676] 835 225 879 424 903 728 264
[1677] 006 783 632
[1678] 743 500 765 745
[1679] 743 532 373 253
[1680] 745 427 807 817 827 814 852 126 256
[1681] 096 240
[1682] 741 636 811 832 827 725
[1683] 745 303 750 203 850 429 242
[1684] 100 257
[1685] 835 225 879 724 564 268
[1686] 096 858 900
[1687] 835 125 835 225 878 524 264
[1688] 749 144 793 502
[1689] 002 242
[1690] 741 102 741 128 797 916 241
[1691] 096 252
[1692] 793 502 811 732
[1693] 002 242
[1694] 741 102 741 128 876 616 241
[1695] 096 252
[1696] 835 225 879 724 664 264
[1697] 748 128 813 101 872 928
[1698] 096 250
[1699] 748 130 791 830 812 201
[1700] 096 240
[1701] 835 225 879 724 464 264
[1702] 232 815 032
[1703] 233 253
[1704] 742 829 811 832 243
[1705] 748 126 759 218 759 206 245
# 1706
[1706] 100 248
[1707] 142 817 500
[1708] 835 225 903 728 368 264
[1709] 749 122 793 524
[1710] 232 250
[1711] 741 825 742 024 742 829 264
[1712] 751 216 751 204 751 206 804 717 245
[1713] 770 416 906 802 242 252
[1714] 751 216 751 218 751 204 768 232 879 305
[1715] 770 420 889 710 906 806 264
[1716] 835 320 868 317 879 816 889 817 892 116 899 416 902 416 903 616 904 516 906 516 906 916 907 020 907 616 908 516 908 716 909 616 910 116 910 816 456 260
[1717] 750 026 750 030 763 619 818 800
[1718] 774 640 811 933 812 133
[1719] 203 774 944
[1720] 750 210 353 272
[1721] 742 025 760 205
[1722] 762 004 841 024 664 367 246
[1723] 770 325 858 916
[1724] 745 310 745 329
[1725] 742 902 866 423 542 269
[1726] 870 220 870 525 565 473 259
[1727] 750 209 778 308 778 418
[1728] 762 016 770 204 841 024 859 724 859 712
[1729] 873 706 873 818 912 106 665
[1730] 870 524 871 607 456 372 272
[1731] 756 424 756 516 757 119 757 814 758 019 758 117 807 511
[1732] 744 214 745 314 748 116 792 228
[1733] 745 314 750 214 756 424 778 228
[1734] 750 214 756 516 792 228
[1735] 745 314 750 214 758 019 778 228
[1736] 750 214 758 117 792 228
[1737] 872 717 873 504 912 608 913 025 913 126 666 566 466 366 266
[1738] 740 726 742 826 784 332 878 905
[1739] 823 627 827 025 879 317 345 264
[1740] 822 611 839 116 843 517 846 413 849 611 850 511 851 517 851 607 852 213 852 616 853 713 853 911 854 907 855 217 257
[1741] 741 830 742 830 761 228 879 001
[1742] 741 825 742 825 761 225 807 724
[1743] 804 717 804 719 879 517 913 705 344 257
[1744] 741 829 742 829 743 102
[1745] 804 716 879 320 913 716 256
[1746] 751 216 751 204 887 916 887 904
[1747] 742 904 800 524 912 118
[1748] 871 308 871 304 874 525 348 344 260
[1749] 741 824 742 025 742 826 838 812
[1750] 745 314 748 116 748 910 260
[1751] 745 314 750 214 758 117 874 820
[1752] 870 920 872 716 873 503 874 016 874 609 874 921 556 361 261
[1753] 014 805 416
[1754] 766 421 770 420 808 124 280
[1755] 749 640 756 607
# 1756
[1756] 749 022 264
[1757] 766 517 472 242
[1758] 207 749 016
[1759] 741 107 783 541 246
[1760] 785 420 907 835 272
[1761] 749 641 753 002
[1762] 749 022 241
[1763] 785 531 915 701 461 258 261
[1764] 741 025 788 832
[1765] 775 901 776 537 777 432 806 928 277
[1766] 742 918 750 206 264
[1767] 757 241 763 424
[1768] 232 296
[1769] 237 249
[1770] 006 273
[1771] 745 703 757 224
[1772] 007 296
[1773] 836 941 288
[1774] 743 506 581 260
[1775] 741 106 741 535
[1776] 741 232 741 825 242
[1777] 766 701 836 403 477 241
[1778] 741 202 749 232
[1779] 006 572
[1780] 743 507 342 272
[1781] 743 506 786 620 846 605
[1782] 743 507 784 024
[1783] 787 219 917 710 453 365 259
[1784] 811 836 823 502
[1785] 742 921 745 307 748 125 242
[1786] 787 314 789 720 806 720 876 714 909 414 916 301 916 620 454 261
[1787] 751 216 751 218 751 204 751 206 912 118 912 106
[1788] 750 204 874 306
[1789] 746 824 753 406 858 724 264
[1790] 871 300 912 216 912 824 913 429 464 243
[1791] 870 709 870 826 912 527 912 925 565
[1792] 749 125 749 113
[1793] 233 288
[1794] 237 272
[1795] 742 826 813 026 244
[1796] 763 620 790 808 790 810 256
[1797] 002 804 256
[1798] 237 288
[1799] 239 240
[1800] 740 633 812 937
[1801] 740 604 812 934
[1802] 741 824 452 373 272
[1803] 763 620 790 808 790 810 256
[1804] 859 617 859 619 919 025 919 116 919 612 254
[1805] 759 021 759 023 878 221 914 421 241
# 1806
[1806] 742 025 749 532 765 005 792 726 792 832
[1807] 232 264
[1808] 236 264
[1809] 741 825 742 024 742 829 264
[1810] 762 018 770 204 805 016 805 004 257 245
[1811] 745 318 745 306 748 124 839 240
[1812] 745 325 272
[1813] 225 741 524
[1814] 236 242
[1815] 232 280
[1816] 742 024 242
[1817] 770 204 873 706 873 818 667 247
[1818] 870 525 870 824 921 009 259
[1819] 870 524 871 106 871 304 871 607 873 910
[1820] 768 537 799 837 835 724 874 337
[1821] 748 119 791 819 248
[1822] 032 789 906
[1823] 753 016 262
[1824] 749 016 244
[1825] 234 248
[1826] 741 829 742 024 742 825 242
[1827] 745 311 750 211 784 421 250
[1828] 236 791 440
[1829] 238 240
[1830] 741 825 742 024 742 829 242
[1831] 748 116 751 210 751 212 751 214 253
[1832] 745 312 750 212 753 218 904 012
[1833] 742 025 742 826 919 404
[1834] 745 312 750 212 806 618 252
[1835] 872 717 873 504 874 108 921 808 921 917 922 107 922 717 558 448 248
[1836] 783 218 783 221 785 531 814 700 814 701
[1837] 741 825 742 825 811 302
[1838] 789 216 789 321 789 421 789 517 242
[1839] 006 837 932
[1840] 232 281
[1841] 753 022 256
[1842] 236 272
[1843] 741 829 742 024 742 825 272
[1844] 745 302 750 202 806 628 241
[1845] 748 124 751 218 751 204 815 712
[1846] 750 206 784 424 815 712
[1847] 787 314 871 312 875 914 876 914 923 601 923 813 448 360 260
[1848] 749 640 778 140 782 926
[1849] 743 506 786 620 268
[1850] 784 840 907 836 272
[1851] 765 745 811 618
[1852] 825 336 376 276
[1853] 007 786 148
[1854] 924 824 295
[1855] 743 533 784 840 280
# 1856
[1856] 785 132 907 832 272
[1857] 783 219 783 220 785 524 646 247
[1858] 789 318 789 516 789 518 914 217 914 205
[1859] 741 829 742 825 904 732
[1860] 745 306 750 206 806 624 245
[1861] 787 308 854 904 871 310 876 908 924 518 924 618 548 450 258
[1862] 741 010 778 109
[1863] 746 324 746 806 921 524 268
[1864] 006 272
[1865] 765 740 786 817
[1866] 743 532 907 813 280
[1867] 786 840 786 817
[1868] 785 337 826 737 917 936 576 357 257
[1869] 743 504 786 622 899 605
[1870] 916 219 916 220 346 250 253
[1871] 757 924 811 832
[1872] 750 204 751 216 245
[1873] 787 310 837 610 852 617 876 710 876 910 918 517 450 250
[1874] 873 603 873 607 911 608 911 612 914 009 914 013 914 309 914 313 914 508 914 512 915 203 918 608 918 612 920 503 920 507 923 502 248 252
[1875] 804 820 805 016 805 004 805 232 822 516
[1876] 766 421 845 236 845 340 264
[1877] 763 817 845 524 272
[1878] 015 743 721
[1879] 766 417 806 114 869 900 285
[1880] 763 821 766 521 836 228 272
[1881] 926 914 543 269 263
[1882] 814 711 814 712 846 330 640 641
[1883] 740 633 750 640 751 640
[1884] 228 109
[1885] 196 280
[1886] 232 741 520
[1887] 813 424 564 364 264
[1888] 237 256
[1889] 235 244
[1890] 741 826 742 824 264
[1891] 231 448
[1892] 742 500 240
[1893] 822 504 900 016 900 004 458 246
[1894] 740 612 742 224
[1895] 223 740 608
[1896] 808 320 472 373 251
[1897] 768 537 799 837 874 337 272
[1898] 745 305 750 205 758 126 240
[1899] 793 733 822 832 836 224
[1900] 233 268
[1901] 742 824 811 035 903 234 264
[1902] 745 304 750 204 758 127 244
[1903] 749 142 899 504
[1904] 024 272
[1905] 224 754 325
# 1906
[1906] 746 133 763 025 372 280
[1907] 741 124 741 106 264
[1908] 741 125 741 107 851 132
[1909] 757 127 789 017 805 016 805 018 365 264
[1910] 763 818 830 335
[1911] 029 750 108
[1912] 746 134 372 270
[1913] 236 280
[1914] 232 288
[1915] 238 240
[1916] 741 529 742 024 272
[1917] 847 925 848 005 920 624 245
[1918] 741 525 848 532 849 037
[1919] 742 922 833 431 847 931 241
[1920] 741 125 741 107 850 825 850 807
[1921] 848 802 928 102 928 208 929 808 930 223 930 920 548 354 243
[1922] 741 104 748 433
[1923] 034 763 442
[1924] 788 325 362 256
[1925] 742 024 757 906 759 725 832 528 887 424 246
[1926] 741 526 749 532 813 006
[1927] 827 910 828 610 829 314 241
[1928] 741 825 741 924 787 629 834 702
[1929] 748 921 805 021 878 416 914 406 560 342 242
[1930] 741 824 742 824 810 005
[1931] 756 432 756 524 757 127 758 027 758 125 807 519 260
[1932] 750 225 810 710 887 127 264
[1933] 741 222 741 312 748 433
[1934] 742 024 743 124 794 728 903 428 264
[1935] 741 202 742 633
[1936] 741 804 788 318
[1937] 745 411 745 415 351 355 246
[1938] 751 216 805 016 886 805 887 707 933 217 557 256
[1939] 007 824 448
[1940] 232 280
[1941] 002 280
[1942] 749 641 782 929 280
[1943] 743 502 745 401 241
[1944] 783 216 785 514 786 716 787 229 256
[1945] 785 506 786 724 916 224 364 353
[1946] 749 832 752 002 757 928
[1947] 745 302 750 202 778 028 241
[1948] 751 428 751 430 824 801
[1949] 748 124 790 806 264
[1950] 829 314 848 203 848 821 886 702 934 421 663 448 260
[1951] 224 777 048
[1952] 742 502 293
[1953] 788 524 788 512 849 718 878 828 246
[1954] 232 268
[1955] 742 825 779 706 829 428 264
# 1956
[1956] 762 016 900 016 914 417 247
[1957] 743 506 776 312
[1958] 743 506 834 040
[1959] 005 848 304
[1960] 743 534 919 705
[1961] 576 476 376 256
[1962] 234 244
[1963] 741 825 812 032 841 333 242
[1964] 741 530 831 747
[1965] 232 288
[1966] 236 288
[1967] 234 244
[1968] 741 525 742 024 280
[1969] 742 025 774 920
[1970] 742 918 859 816 375 260
[1971] 778 324 788 424 829 310 877 116 917 620 936 320 260
[1972] 742 920 871 223 879 521 914 423 241
[1973] 759 016 778 516 787 816 787 916 805 017 805 021 879 916 879 920
[1974] 805 016 805 018 851 407 879 917 879 919 880 117
[1975] 741 829 743 124 779 006
[1976] 742 917 762 021 878 216 242
[1977] 742 920 762 022 878 221 879 101
[1978] 763 420 763 414
[1979] 232 288
[1980] 026 264
[1981] 232 250
[1982] 742 825 743 124 246
[1983] 742 921 762 017 914 416 246
[1984] 742 918 762 016 807 805 914 417
[1985] 811 513 851 607 873 609 877 403 887 807 924 712 932 108 932 908 933 813 935 012 935 603 937 213 937 312 937 413 937 606 937 713 342 243
[1986] 742 906 762 018 770 204 807 519 807 817 869 804 921 607
[1987] 745 302 839 224 911 944
[1988] 745 326 762 505 273
[1989] 765 024 778 145
[1990] 745 306 748 124 372 247
[1991] 748 123 749 314 808 523 256
[1992] 870 525 870 711 870 824 938 611 259
[1993] 870 524 871 110 871 304 871 607 921 724
[1994] 815 317 872 717 873 014 873 318 873 504 874 108 923 408 348 257
[1995] 758 916 758 902 758 920 758 906 902 320 902 306
[1996] 780 208 780 212 789 609 789 613 877 409 877 413 923 512 927 312 348 248 252
[1997] 789 517 789 521 914 117 914 416 914 420
[1998] 789 614 871 300 871 312 914 501 914 600 914 612 925 800 925 812 926 101 937 700 938 400 938 402 938 412 241
[1999] 219 763 616
[2000] 753 435 890 316 255
[2001] 207 764 524
[2002] 076 242
[2003] 003 264
[2004] 753 403 763 831 272
[2005] 822 928 890 536 650 250
# 2006
[2006] 015 890 040
[2007] 742 904 770 204 890 316 283
[2008] 770 422 939 935 940 008 248
[2009] 891 232 891 436 891 537 891 737 572 242
[2010] 743 533 924 932
[2011] 804 717 838 924 849 517 364 247
[2012] 787 314 854 902 871 312 876 914 924 520 924 620 925 812 926 020 248
[2013] 789 316 789 516 789 518 914 417 914 405
[2014] 871 301 871 311 914 601 914 611 923 810 925 801 927 300 937 701 938 401 938 411 938 405 354 241 251
[2015] 927 400 927 401 927 402 927 405 938 500 938 502 938 504 938 506 939 600 939 601 939 602 939 605 939 800 939 801 939 802 939 803 939 804 939 805 939 806 939 807 240 241 242 243 244 245 246 247
