
# 6
193233
165272
167264
474264
007153
001240
232246
581346260
033252
237037
740633269
236256
740632740604
740633269
740633740637
740637572364264
207740632
167274
233272
167665
740632380264
037241
740632740606
741806742025264
232256
236264
741440742024742128684268
236540
224264
007033
026272
234256
231249
167741824
023025
153272
743429542442268
228069
196280
224264
192264
166740633
215265
472265
233280
239240
205264
033741032
741106265
033252
# 56
034741538
236037
741826344281
742001385
743233744206745235673346258
153087
236242
232280
205273
039049
233265
741520268
009741008
033266
746439448277
233026
237265
216031
744725368272
203236
388269
002296
237280
201248
746934746937
207742025
747036481360264
225205
193272
207264
740637265
741126741104260
228272
743806743906744124267
205005
232258
236272
741825742829272
745306748124658245
740632740726
740632007
236249
740637742024473280
742029241
034745326
007127
033272
564458265
740634744733
740633747345
# 106
236117
742024477388280
233280
237280
207272
746024748240749416750320247
741806742025742806
750207372261
740606742025
237136
236243
750647440287
232272
236280
238240
234153
190264
233280
235264
233261
235248
741524289
234256
238240
232741124
752002364272
742804744733
745306750206345264
113087
002276
002292
029280
030741130
741126345264
236242
137044
742200272
167205
741124741106273
740716667488267
145095
236242
232280
233264
741524289
238240
740721743724268
029743532
232055
340279
# 156
740600379
742518364264
224063
192272
754248564255
742518355
751308753301754544755223660384260
740908742828748428
745411750133272
741637741828742608
236077
743502287
743538248
236276
232280
740725742024744736272
237002
031256
239248
741530248
236276
232280
741826742826245
238743700
740725744736242
740729744732342
744206756432756524757127546367265
741530754839
236276
232280
206272
749910750020240
746024750225758224250
741805742805743126
741829742825743124
741824742806757925
741804742005742824
656542460357261
029033
237288
740632282
740634742025272
025749024
233280
740632741824244
741806751424564246
232747540
007283
742127276
217215
# 206
030248
233247
007248
007017
027272
235272
740604740606
232223
047275
760856596444304
213215
740600243
231256
744126761032252
741826742025742806
741824761464
760102760432761560500362300
046292
231757929
206743732
047245
153127
760932556380254
015656
015454
015760932
762348581465365281
048240
236743502
214256
205207
754617272
213013
579342260
001248
225005
047282
005273
745732247
167005
743503388265
746533764040272
030749024
238240
234248
224264
006246
743522750200
007762706
764740464347265
# 256
741100741130763308248
205007
764249284
743532288
746532264
007754833
743500349278
013755915
217013
753432753418280258
556456248
741232749021
225007
344279
763808766316252
031137
127272
017741016
127113
217017
556456354254
167751426
748322248
765632766632767040450260
741532745729
741826742824244
742025751607
191201
018249
015145
371265
145744024
768102768216379262
749017756640
766838241
234256
237754617
372263
112750224
023143
145264
768718472258
763825769016
768840769340376272
742902768216768639768722
745324112
742025742005
221223
456340243
741522769216
# 306
217741516
770032456363257
741530750647
236284
232288
024763420
232288
740604749018
757924757928546346281
012248
750206768222768716
102256
082242
749142757930
014264
749145757929
015264
749142771204
014264
749140771341
012248
769945770745771501771839772029668469241
213755524
213755624
213740716
756116564456356248
201747708
205746233
232015
741520269
746932484251
748020748124689289
167749640
765742269
003248
236123
002280
237272
002259
007245
233750133
209276
774027463264
233741033
209276
764225264
748124750206581289
073764248
006280
749017765740
# 356
001256
775024472263
748124750206775149281
750225773740775240280
002750640
233288
239240
237280
741524742025252
749327750125266
211228
196272
184264
236272
236243
232296
002288
239240
229248
153135
775900776534373267
742921750207272
215742818
756116773008352258
740726744733761204
235757212
741826742824280
745306750206464260
750000763601770200
750225364250
741824743506776332
743502749616
765732360272
026264
232250
741825741803264242
232753527
233253
741524749640252
743502256
026264
232250
238754400
742829342242
740606759634
742806751424759726264
742917751217759016778516779120460257
205745741
006258
232288
# 406
002296
757232774624
055296
187167
237277
236251
006280
780641691283
035113
745302257
193145
203270
753433260
035087
673391264
007296
003096
036288
207741524
741105381244
032280
006281
750225781348782148281
740632005
753002269
753806766841
743502341277
005073
746934241
007245
741124750225280
233764356
774620288
764123244
741106750225
782828783220660361252
162166
237249
741804744733272
745303750203580269
214743724
756116772916773008356259
006753032
743533775507280
002771040
002771240
002757902
007757905
749018749620
784938678578478375257
# 456
186190
045248
233288
235272
233253
002296
237296
740604007
749640368280
005256
749640749620
743506360260
761624764140
232258
002280
749641782929280
743502745401241
783219785513786725264259
215742516
755716772816772916357258
740606741824
741806741927264
779824779802
779824779806
742917751217759016778516780117457356256
761228774644
207744733
205740724
748124778024472364258
742232748426765005
742025745705
750229348242
742025774620
750002763603256
750225788424464264
232757010
741825742024742829242
741824742806761224
741806742826761224
741826742824761204
789017557458358256
745306750206778517
755222773011784622240
234207
750133246
055296
006288
749645782925280
764118247
766928787225280
# 506
756116772916773008784619264
750607778140
033762732
748124770132376246
095749029
235264
239241
005244
234256
206250
750225790940246
741036750136241
740726741804
745304750204356266
756116773008784619257
756248759308767936773136777928780212784728787528788008789609789613789817790636268
741824742826778140
014248
086750224
014745326
742918762018480380280
740632740724759804
749030749608
742025749532757412366272
232272
014264
753437770116792544
766421792632388268
236750703
232288
215273
213015
680365277
745743750607
745810766421781925280
237773416
214280
763821488288
006304
233296
743536786344264
740637742825
751416751412257253
042262
042284
054776040
007019
094257
608496288
233304
# 556
237296
743536786344264
227785864
215753535
763821377273
237296
233296
749640786340268
094782232
236243
002296
237280
233288
749640786340260
745745782900
232258
743533749641288
786444793824794624795724796344584277
001240
002754948
237288
740633749021
771340360281
003256
741124741106797424260
167742826
231741828
744122348248
185748316
236242
010256
216356
766417660380264
042276
046304
025296
233296
740604749640
757224364284
015272
741032252
743534062
015135
472384277
745324750133
748130356276
006280
008248
009750108
750224265
# 606
745304750204264
746809798000548260
186740609
740609740613
751217759016780117376264
744817760506
221740708
800708456357253
127748126
103253
031280
224754732
743803744129375276
234087
754836288
139257
103751631
740624296
745328086
143260
751218801849696476284
097244
202749232
204137
034097
745313456380280
143256
143092
137256
772832288
772932388
787402488
794810802740803240480380280
136761632
102256
792140801320476261
233756632
749017296
743532289
238240
234248
741825742024742829242
741824742826751643
740638759900
741927742025757905760024244
228751511
742502287
804717660456444272
232749924
741523258
# 656
770416770617456254
750206768222778024
102256
082242
213791140
222743716
753434380245
763432768924280
771502772024772225772424772602805624668289
009256
740726742804784332
778024784424789017789217264
746824763006800424472256
153769532
231741500
754324346264
030782408
745325358258
025750124
743803806929364269
234755016
238240
741825742024742829242
744703751502
742025742806280
742906762018768220807519457260
742025750607
742902769416770303256
207759904
207741824
742226764921366258
223468
219456
806110808124808320461359273
749124763424
232288
749142244
741009750109270
746803805924664242
746824800424806716252
227742232
237277
135750112
799832800404383264
236280
740941741220750132
742028742633750433380280
228755932
742502271
762020788836441248
# 706
749024765709
749910750020788600260
750002763603548
750209556358256
740637742233
741526749532245
232264
236264
751425751429242
751216760116780116789219245
749640782906
236256
232280
740637748429788225
740633788321
740633748429
572476376276
007772132
072265
215740624
745324265
441276
745309750209812208263
233749032
740632748424788316272
749232812032812132269
745314750214656253
746829748102
196805140
740610263
745324746825
762002548364268
232773010
215257
773021464265
810408813308813328648668
806825809517810924811510812840813207380264
103256
743506793332
763410793532
743500793745
766517472372272
749110765014
210765010
749018761635
564450346272
100265
744211745311748121749314
102746824
804136814332467360247
# 756
239797600
741824742025742826252
750214791816260
236750210
212258
015748314
236242
211263
213760217
815820654371257
748106260
741813742809743108
218743108
806120464348256
090815800
749026768939
236276
232280
232250
741825742024742829242
742908742912249253
742500744531
741814742017742816
346246
054745324
817028648372272
817032372
755445794822
744441288
225272
742506744124272
742025755407
816928818032818136818236372246
006779348
048240
741516750426260
112272
740624740612
740624740614
185217
440340277
223740628
234073
216270
794802819224564455264
239240
233276
755445272
228740633
188264
# 806
749820257
773443788318
099261
751631259
236641
232280
820344820617442269
741824742025742826252
237776032
209264
232284
026280
740633742529304
026756624
740637742529288
742024750437754832496280
239240
233280
237272
741824742025742826244
805016805004818824821324821312256244
751216751218751204751206768232768220
766417770416808116256
742900753437792544808216
217796732
793232560372281
015797632
766521672372273
100248
236805424
740725744736264
742233748429364
757240757236
233304
237288
749640786340260
765732785332260
215749117
235264
239248
741526742025280
232272
236272
006272
005779232
741124753020276
006280
002809140
785036823628823724824236672372276
100248
# 856
096814700
740725742024744736817332
740729744732765002
741824742824754807
793729811602
748918756524758125567465352246
757224765029
007280
757224757929
007280
750224473273
007765005
785035785135785332785420364272
100248
741825744732784333807632
742918778024806624825912265
742918784424806624825727825912
096786700
822612823432825532825628826124672464364268
235750904
741524742025264
740632741524
741526792832246
749926749914784012811114444254
742237748425751640
232267
236280
237249
740604749532
749835751424344274
745300748130778028240
216749034
742237750640788229285
232267
236280
237249
741824742824761224244
745304750204778026244
811916827908828608252
197196
742001264
750603364
233146
567246
819533580496292
228029
196280
224264
153115
819711696372289
# 906
027145
744125388269
232273
236280
749835245
030800416
215829540
224264
744125454264
744633264
745300748130831000285
236083
002280
237272
233296
239240
741524749640252
743502786616256
034248
748101828608831608260
748437753016
740633742028364272
233816520
223742009
770325380265
745306750206778024819306
748105266
207754324
741126741104245
232252
740637741928564276
207749833
745318745306272260
232264
773441794156
743506260
765724778724268
234248
782926560
743510765728264
234244
833035833620833924558258
742024742124743124829424832724264
142240
759016768707769607807516
143742508
137769516
815503827424568369269
207740604
764916271
# 956
223368
806110808124346259
740632755334
741526741806272
232264
236264
210256
763817766517835724264
743503786345811802
785139785239785336785416825339243
217015
742910766417770311277
046280
007757248
799825280
191742828
769629580384243
743507786619246
771345811732
741033750133272
745304750204784426245
786724814724823320825420836313836524565250
236742508
232280
744631241
745306750206778024272
232272
773446240
742024742637750437757732272
002752556
237296
235256
239240
741526742025272
742029748430828408
744219762019818809838404367249
203778144
136284
018272
156288
743804743904744126281
745306748124792220272
741232743732
206741232
762522456362262
014776156
743532800426253
234256
235245
741826742025742824272
# 1006
235022
013253
236272
742024242
745324800425
742904762016770204840524347264
236811108
740604748124
741104245
742821456260
742500830331
763826763829
346266
223741520
770204356245
039129
819304272
223741808
746824753406372264
211749129
763410251
743500760501
763831342242
840028841120841516842014643254
741526751641
102264
750224272
742906762018768220789217808020280
770420770621842010272
771502772024772225772424772602805928842924268
740732751502
751506759840
740632380260
022017
027264
235264
751426560288
742127751607
126745324
741034843932
122763632
745326456364260
760102762022789221844244656284
751603836645
742025831707
745324086
680488380268
770132770335805232
766421844832376280
210811316
# 1056
763821376268
033741034
014264
742918762018792440288
743506264
766417814632842732272
072785333
763823374244
814725814706845625845606253
750225810532810710810832
749232749641782929
743532272
167750434
231741528
744128342242
741202750433
745411676346255
741925742025760026761204804906
751218760106762018789217846525364
740604740726
749532779332272
748530758029248
006272
749533753002
741124745325
748530341269
741125741107546246
236763532
749016244
234248
740606749532
749836751429342277
745300750200758029241
740633754432
740634743924
742024750433824832372273
741825742829823524
232788524
236264
741829742825264
804720823724848206848816664560256
741524777149
234256
238240
757927812133821232265
740729743124744732
740636759838
740726742804272
741804744733372
751222791828648569368268
# 1106
740606749640
799342829005282
001240
167833326
228754325
744126344281
745413848013541278
744732779724794728798125
743102751425751429
757127805016805018446365245
742920751220759021780102787700789021
026776424
237241
742825838332849037277
741525742825811802
741526757905
805022441369270
233842528
763426281
740725742825784337272
758028778516789521827024268
749018773405
003280
001256
743506756740
757233763412
753647458348284
236242
232246
740604742524
741825742633372273
742920852029852130243
741825743124851833
742918762016852027245
215757220
235272
007296
757237240
743538753647272
236280
234244
236272
741825742024742829272
742916762018852025247
741216786309
742829743124847533272
742922762020852031241
806716837719839117843516846410847424849612850512851516851606852210852617853710853912546256
086812019
086812119
# 1156
014774608
742025742127488388288
749018256
167749642
009248
749018753425
836624565362265
139843014
096272
742525484280
138750700
740616740620
073264
803906476280
127742524
023751609
856540477365273
180820416
167225
215256
183209
664561370248
100268
767224767324767406767506
102773010
102662
469358258
857530857608565
100268
806720843520847428849608853714853908857837477277
222823508
223742810
842329480368269
749926749914811126811114827616827604
749835774620
745300748130800036256
008248
746809540248
740709742008744720757016
223744717
801221816828456368265
741826742824837933
741826742005742826
762014849509360254
192830324
746829755423
343256
742029742828356
813316813620841620372264
143248
# 1206
208815918
100261
858017859920472277
741532755423
741931742029760028804900248
232741518
236264
741829742825264
804828805008805224556251
773021860614272
103256
029846628
237280
235244
742025749534792724792834264
014745324
746813356266
745304750204813312813624
746813352256
770325801221859529264
143260
191740636
203248
232268
740637742024272
042280
047860035
007831751
007022
235280
742024696601509309
235244
233296
005272
014789906
198037
748124845848396258
232312
007288
002304
740637863925296
205289
009256
207745741
012272
788318453264
102256
142750230
750212364264
741238861901
# 1256
748129778029788229788317264
748125788225800529
746809862110
746813457359264
770325832925832929264
143240
742025773405
746808827601253
741829742825840832
746809450243
746813800616465264
770325832925832929264
143240
143360
740725744736751640
741536750133
774644256
748120788314463268
773021860614272
103256
850120865325272
858832859620860832861632862632865425866132866832866932272
742921751221759020778516779116779916780121
166807702
142248
143798108
143743908
835124855317867724649465364264
162745740
224264
754632283
195280
007102
088272
233288
742025749532604296
235245
239240
233280
237272
741824742025742826264
740638759602
742025742806264
742906762018770204804717847318444244
749402750314833729
207812035
745314763620256
751218813612859806273
206753032
745315750308256
# 1306
742024861206
751216751218751204866407265
745310745314833724833728
869900870002870328568348269
740729744732749232
749312778310260
741829742024742825752924
751216751218751204751206257245
039151
800924842133273
746824753406832924273
840024870524871110544247
741107745411756332
744211756521757116757811758016758120261
782925804256
239240
237272
741824742025742826244
745304750204778026244
745304748126840907841024
746813348256
801217816824859424859529256
740604812133
740726742025252
748120813109260
741829742825749232
745314750214871816253
749313750214756516
745314750214758019453
745308750208757808
815320870916871720871920872720873011557457357247
745324748117
748102748121
748916770204866405344256
841116841112870524871607250
742908757117757812784418806618
223749809
145135
778024842132871432246
746824753406472264
870824870810264250260246
237777340
741824742025742826252
745314750214756516260
742910745314748116815720
870920872716873503874016874109649361261
221797524
753425782426
748129380285
749125786332
# 1356
750225839906367281
002272
741102741128797916241
742916757125757804784426806626
202811732
006246
741210749224
753024782921
749013753024
572476376276
003772501
741102741128343256
741825742825761225789124
745304750204778026245
745306750206850324873105
748124749305751218751204
741526741804
833424833402251
875816875909876716649561461246
236809703
749833245
745302750202778028248
746809829312859208250
767216767214767316767314
102788216
444359256
741825742825743102
740637741928256
742124742128743128264268
142240
142849200
741530837937
753022244
232280
236264
741829742024742825264
142244
741825742829811324
142240
741825742024742829849902
142240
142804700
788012834924873609875103877403878124878524878624879224564364264
741928779728794724878216
740637761225
742024743124264268
800924805017805021456460260
742237748425777148
239240
237272
# 1406
741826742025264
751208751210751212751214248252
112818002
873008340254
745324816520
237820520
228251
196272
744632273
239240
218249
218745109
832917880208880924881028368268
817706869908
749033756624
748425754832280
236243
233253
237272
741826742826264
742908742910742912742914248252
224821032
742502277
745324816018
215742017
748102261
817932882608568472268
210745117
748102777821264
745324836220
816928881824881924882828668568368264
228745318
030749010
744130377249
200815934
238789916
747125280
225034
033272
883916649457240
238256
740637280
740633742024280
026087
221273
750229272
745306750206289
234244
236280
742025742125834725884841281
# 1456
744535831104
022741016
029257
027273
744124566245
224742908
226764808
744125784210372250
228743032
743803744129684364264
745302748128831002277
745300748130807521828500
745329356242
744204762004770204871205883604885532259
205881524
743236744203745536745803745917272
207742127
749418750322365245
742205832416848012
026832324
232250
742807751425442264
751220759021759102760100762020807521641261
741824742025742826882404
742910762008859808882508252
818032248
816928818032818632818706276
742025756607
761635364272260
760517811602
748918756524758125825727825825825912246
749024793709
749910839010658260
167812133
215264
888420672450247
757922805418
757922811218
757918841218
236827808
757918258
743018757922
841119886917887811889105889215545345255
096837712
203757224
839216281
014276
745324483
086790824
845024492342284
# 1506
002760502
763828846233276
805508822930478253
770420770621792632805510
748124788224792442
102256
082242
757225771204
014272
015826432
757224867116
015272
890802890932891232576477277
142267
096256
835225879724889924264
025750732
233280
221256
122272
223741820
224023
830448468352281
192273
228288
196280
015033
860035246
233741013
746810350288
746808831735
232745310
742025893133464390273
741124753425
224745302
760504345273
801028801217832929859529573281
026782224
025275
233280
740725757906277
842133871433874307284
746825753407874233280
086267
801218841604859524
866236894241372258
030774609
740633742525288
162763632
224264
# 1556
192272
749533837932860028580276
047281
236280
232288
239241
211813423
223829532
211263
211761323
794822571371271
760529766421793733268
756637296
029288
225272
193280
046836732
042304
029304
227288
195248
233288
239240
042819328
745314748116280
167756641
224265
193273
588280
237280
742025750434896124897124897824274
823727862004895126260
096256
820851861904
740726751532
744733751532
751220778030456370270
096256
835016868225879624898824264
232763440
749645782925272
236243
025265
233272
741927742025760024804904264
192892732
228272
742502271
768728240
741824742826752448
# 1606
822508900008900012372276
762010770212822508822512847310869812
818032368248
804828805008805012805224822508
090875000
818706364268
745304748126564264
042272
233764540
740632740824744733280
003757408
232268
236280
740937742024750437577280
748128762022241
750125901312258
743324823502
823524823506
743416806917456356260
153746826
742500270
236276
232280
752928840832242
751221759121759217789220246
218823508
740604742232
232245
740633751425272
220256
789600867801903009642268
100865617
239804300
237272
741824742025742826244
745304750204753226244
100248
145143
789216247
780212835016903728468264
232826732
236272
749021272
749018786320
743502341256
786724786720814724814720264260
096252
766423788318865024
237782925
211272
# 1656
237272
235244
672244
001264
741828742828761228838716
007272
741124741106488264
102256
096256
835225879724905224264
759016760117780117807520878206
220811216
218757918
889314443368242
770420869908889210346
905348905736
820748848634288
748130778030788230788320264
102256
096256
835225879424903728264
006783632
743500765745
743532373253
745427807817827814852126256
096240
741636811832827725
745303750203850429242
100257
835225879724564268
096858900
835125835225878524264
749144793502
002242
741102741128797916241
096252
793502811732
002242
741102741128876616241
096252
835225879724664264
748128813101872928
096250
748130791830812201
096240
835225879724464264
232815032
233253
742829811832243
748126759218759206245
# 1706
100248
142817500
835225903728368264
749122793524
232250
741825742024742829264
751216751204751206804717245
770416906802242252
751216751218751204768232879305
770420889710906806264
835320868317879816889817892116899416902416903616904516906516906916907020907616908516908716909616910116910816456260
750026750030763619818800
774640811933812133
203774944
750210353272
742025760205
762004841024664367246
770325858916
745310745329
742902866423542269
870220870525565473259
750209778308778418
762016770204841024859724859712
873706873818912106665
870524871607456372272
756424756516757119757814758019758117807511
744214745314748116792228
745314750214756424778228
750214756516792228
745314750214758019778228
750214758117792228
872717873504912608913025913126666566466366266
740726742826784332878905
823627827025879317345264
822611839116843517846413849611850511851517851607852213852616853713853911854907855217257
741830742830761228879001
741825742825761225807724
804717804719879517913705344257
741829742829743102
804716879320913716256
751216751204887916887904
742904800524912118
871308871304874525348344260
741824742025742826838812
745314748116748910260
745314750214758117874820
870920872716873503874016874609874921556361261
014805416
766421770420808124280
749640756607
# 1756
749022264
766517472242
207749016
741107783541246
785420907835272
749641753002
749022241
785531915701461258261
741025788832
775901776537777432806928277
742918750206264
757241763424
232296
237249
006273
745703757224
007296
836941288
743506581260
741106741535
741232741825242
766701836403477241
741202749232
006572
743507342272
743506786620846605
743507784024
787219917710453365259
811836823502
742921745307748125242
787314789720806720876714909414916301916620454261
751216751218751204751206912118912106
750204874306
746824753406858724264
871300912216912824913429464243
870709870826912527912925565
749125749113
233288
237272
742826813026244
763620790808790810256
002804256
237288
239240
740633812937
740604812934
741824452373272
763620790808790810256
859617859619919025919116919612254
759021759023878221914421241
# 1806
742025749532765005792726792832
232264
236264
741825742024742829264
762018770204805016805004257245
745318745306748124839240
745325272
225741524
236242
232280
742024242
770204873706873818667247
870525870824921009259
870524871106871304871607873910
768537799837835724874337
748119791819248
032789906
753016262
749016244
234248
741829742024742825242
745311750211784421250
236791440
238240
741825742024742829242
748116751210751212751214253
745312750212753218904012
742025742826919404
745312750212806618252
872717873504874108921808921917922107922717558448248
783218783221785531814700814701
741825742825811302
789216789321789421789517242
006837932
232281
753022256
236272
741829742024742825272
745302750202806628241
748124751218751204815712
750206784424815712
787314871312875914876914923601923813448360260
749640778140782926
743506786620268
784840907836272
765745811618
825336376276
007786148
924824295
743533784840280
# 1856
785132907832272
783219783220785524646247
789318789516789518914217914205
741829742825904732
745306750206806624245
787308854904871310876908924518924618548450258
741010778109
746324746806921524268
006272
765740786817
743532907813280
786840786817
785337826737917936576357257
743504786622899605
916219916220346250253
757924811832
750204751216245
787310837610852617876710876910918517450250
873603873607911608911612914009914013914309914313914508914512915203918608918612920503920507923502248252
804820805016805004805232822516
766421845236845340264
763817845524272
015743721
766417806114869900285
763821766521836228272
926914543269263
814711814712846330640641
740633750640751640
228109
196280
232741520
813424564364264
237256
235244
741826742824264
231448
742500240
822504900016900004458246
740612742224
223740608
808320472373251
768537799837874337272
745305750205758126240
793733822832836224
233268
742824811035903234264
745304750204758127244
749142899504
024272
224754325
# 1906
746133763025372280
741124741106264
741125741107851132
757127789017805016805018365264
763818830335
029750108
746134372270
236280
232288
238240
741529742024272
847925848005920624245
741525848532849037
742922833431847931241
741125741107850825850807
848802928102928208929808930223930920548354243
741104748433
034763442
788325362256
742024757906759725832528887424246
741526749532813006
827910828610829314241
741825741924787629834702
748921805021878416914406560342242
741824742824810005
756432756524757127758027758125807519260
750225810710887127264
741222741312748433
742024743124794728903428264
741202742633
741804788318
745411745415351355246
751216805016886805887707933217557256
007824448
232280
002280
749641782929280
743502745401241
783216785514786716787229256
785506786724916224364353
749832752002757928
745302750202778028241
751428751430824801
748124790806264
829314848203848821886702934421663448260
224777048
742502293
788524788512849718878828246
232268
742825779706829428264
# 1956
762016900016914417247
743506776312
743506834040
005848304
743534919705
576476376256
234244
741825812032841333242
741530831747
232288
236288
234244
741525742024280
742025774920
742918859816375260
778324788424829310877116917620936320260
742920871223879521914423241
759016778516787816787916805017805021879916879920
805016805018851407879917879919880117
741829743124779006
742917762021878216242
742920762022878221879101
763420763414
232288
026264
232250
742825743124246
742921762017914416246
742918762016807805914417
811513851607873609877403887807924712932108932908933813935012935603937213937312937413937606937713342243
742906762018770204807519807817869804921607
745302839224911944
745326762505273
765024778145
745306748124372247
748123749314808523256
870525870711870824938611259
870524871110871304871607921724
815317872717873014873318873504874108923408348257
758916758902758920758906902320902306
780208780212789609789613877409877413923512927312348248252
789517789521914117914416914420
789614871300871312914501914600914612925800925812926101937700938400938402938412241
219763616
753435890316255
207764524
076242
003264
753403763831272
822928890536650250
# 2006
015890040
742904770204890316283
770422939935940008248
891232891436891537891737572242
743533924932
804717838924849517364247
787314854902871312876914924520924620925812926020248
789316789516789518914417914405
871301871311914601914611923810925801927300937701938401938411938405354241251
927400927401927402927405938500938502938504938506939600939601939602939605939800939801939802939803939804939805939806939807240241242243244245246247
