4 0 1298092848946206529211955779616040
4 1 683496640248050713756440676071
5 0 9095379218684502088743241789
5 1 9205948219074287936685289758037
6 0 11971284263768914176431179720622
6 1 266573596119930013833919176645
7 0 15044150708248976451784593468
7 1 534330762492192297990602166370
8 0 386135473475360677201628357188
8 1 42459883501386986922766507327
9 0 4866417737994347551816846903
9 1 37716485750353424806876104310
10 0 19772960374215472827775892486
10 1 5030484777222468978572235564
11 0 841347687722481981930750335
11 1 2928767918985354021900689432
12 0 1266666171463993322695232916
12 1 524785463625387865619045258
-429760213167467987370958538319951361320661374446392568842080034680753415733478576065143562064985396606063422757894794912415983542826010363154787466040364185788974385619328691619497499018735147835590439372739246086375978996534576978696436169323317584944948960890669262852527396193137944126945352833253414091392121735027800236893758906241001433793274270386798595893922669853682085874442148064 306646948472242617022372121744818006451350984501883094583740465023100622245870041595552630520058415653031635403667382656407193402310454703941540993911728516906964041242683967012828179171848285115788157153347629591406721867904261305263363103057958414723421909789780405664658640231767247956948180365646368271216677499856609397883271798719102203155522678818351993799060303940036695086237994512
151249/2500000 433453/2500000
343303/5000000 1632381/10000000
44601/625000 361773/2500000
632939/10000000 1055161/10000000
375793/10000000 445941/10000000
84513/10000000 27493/5000000
